/* 2bit ALU Truth Table

 x1  x0      y1  y0      o3  o2  o1  o0

	NOOP: sel == 2'b00

 0   0   |   0   0   |   0   0   0   0
 0   0   |   0   1   |   0   0   0   0
 0   0   |   1   0   |   0   0   0   0
 0   0   |   1   1   |   0   0   0   0
 0   1   |   0   0   |   0   0   0   0
 0   1   |   0   1   |   0   0   0   0
 0   1   |   1   0   |   0   0   0   0
 0   1   |   1   1   |   0   0   0   0
 1   0   |   0   0   |   0   0   0   0
 1   0   |   0   1   |   0   0   0   0
 1   0   |   1   0   |   0   0   0   0
 1   0   |   1   1   |   0   0   0   0
 1   1   |   0   0   |   0   0   0   0
 1   1   |   0   1   |   0   0   0   0
 1   1   |   1   0   |   0   0   0   0
 1   1   |   1   1   |   0   0   0   0

	ADDER: sel == 2'b01

 0   0   |   0   0   |   0   0   0   0
 0   0   |   0   1   |   0   0   0   1
 0   0   |   1   0   |   0   0   1   0
 0   0   |   1   1   |   0   0   1   1
 0   1   |   0   0   |   0   0   0   1
 0   1   |   0   1   |   0   0   1   0
 0   1   |   1   0   |   0   0   1   1
 0   1   |   1   1   |   0   1   0   0
 1   0   |   0   0   |   0   0   1   0
 1   0   |   0   1   |   0   0   1   1
 1   0   |   1   0   |   0   1   0   0
 1   0   |   1   1   |   0   1   0   1
 1   1   |   0   0   |   0   0   1   1
 1   1   |   0   1   |   0   1   0   0
 1   1   |   1   0   |   0   1   0   1
 1   1   |   1   1   |   0   1   1   0

	SUBTRACTOR: sel == 2'b10

 0   0   |   0   0   |   0   0   0   0
 0   0   |   0   1   |   0   1   1   1
 0   0   |   1   0   |   0   1   1   0
 0   0   |   1   1   |   0   1   0   1
 0   1   |   0   0   |   0   0   0   1
 0   1   |   0   1   |   0   0   0   0
 0   1   |   1   0   |   0   1   1   1
 0   1   |   1   1   |   0   1   1   0
 1   0   |   0   0   |   0   0   1   0
 1   0   |   0   1   |   0   0   0   1
 1   0   |   1   0   |   0   0   0   0
 1   0   |   1   1   |   0   1   1   1
 1   1   |   0   0   |   0   0   1   1
 1   1   |   0   1   |   0   0   1   0
 1   1   |   1   0   |   0   0   0   1
 1   1   |   1   1   |   0   0   0   0

	MULTIPLIER: sel == 2'b11

 0   0   |   0   0   |   0   0   0   0
 0   0   |   0   1   |   0   0   0   0
 0   0   |   1   0   |   0   0   0   0
 0   0   |   1   1   |   0   0   0   0
 0   1   |   0   0   |   0   0   0   0
 0   1   |   0   1   |   0   0   0   1
 0   1   |   1   0   |   0   0   1   0
 0   1   |   1   1   |   0   0   1   1
 1   0   |   0   0   |   0   0   0   0
 1   0   |   0   1   |   0   0   1   0
 1   0   |   1   0   |   0   1   0   0
 1   0   |   1   1   |   0   1   1   0
 1   1   |   0   0   |   0   0   0   0
 1   1   |   0   1   |   0   0   1   1
 1   1   |   1   0   |   0   1   1   0
 1   1   |   1   1   |   1   0   0   1

*/
